finalDf-43.csv:47.824342489242554
finalDf-63.csv:64.07859468460083
finalDf-88.csv:91.95117282867432
finalDf-89.csv:93.15763640403748
finalDf-102.csv:122.68279385566711finalDf-43.csv:46.862141370773315
finalDf-63.csv:62.83470821380615
finalDf-88.csv:90.52182269096375
finalDf-89.csv:106.83193278312683
finalDf-102.csv:128.83461952209473
