finalDf-43.csv:47.39871788024902
finalDf-63.csv:60.94554281234741
finalDf-88.csv:88.2775890827179
finalDf-89.csv:85.94649171829224
finalDf-102.csv:114.73911428451538